332	52	3
359	45	13
361	16	14
93	-6	11
228	25	2
159	4	14
105	13	14
194	-7	17
339	39	3
15	30	19
420	29	15
402	-10	17
214	38	7
262	13	2
229	7	5
405	-7	17
173	27	9
384	41	6
327	4	5
273	-4	12
216	25	11
178	-1	11
308	12	13
144	28	2
104	55	1
314	-1	19
155	44	20
184	34	9
284	22	11
400	-6	8
176	10	12
20	13	18
396	-8	16
211	11	5
122	4	3
341	33	16
379	21	17
230	56	2
207	36	10
281	24	12
277	22	19
44	5	4
428	11	2
108	39	9
90	-12	17
136	29	14
338	-7	10
208	51	2
330	26	2
425	37	11
62	22	8
416	-5	11
254	7	2
322	38	14
421	-10	16
423	42	6
52	38	3
140	48	8
274	19	16
413	41	17
124	-17	19
152	-7	9
126	14	10
107	52	11
253	18	1
123	41	1
47	41	7
299	15	6
71	-8	16
151	14	13
129	9	6
213	29	2
168	24	20
391	14	18
165	10	17
167	24	11
222	63	1
22	30	5
344	-6	10
218	-2	12
248	21	18
180	5	2
257	9	7
35	7	19
353	0	11
189	31	20
76	27	10
317	52	6
401	-7	17
233	55	5
42	3	11
302	38	10
298	55	2
186	29	14
303	28	20
134	33	18
149	8	9
325	53	5
375	35	8
23	4	7
34	-3	19
410	13	17
378	55	5
316	-15	17
245	34	16
96	18	3
219	37	9
286	56	4
377	25	6
417	26	7
49	-9	18
263	15	19
220	3	5
199	38	17
217	6	13
204	40	13
29	39	15
33	24	19
170	35	15
311	28	7
404	19	6
236	-6	15
113	20	7
376	37	8
427	14	20
403	34	18
385	10	4
101	-14	17
55	29	4
398	27	11
305	45	1
250	41	18
56	-15	19
85	-6	8
424	45	10
128	36	7
251	50	4
137	31	4
395	-4	18
301	41	13
224	27	9
77	5	9
271	45	4
264	43	8
102	7	19
296	44	1
161	37	5
147	23	19
294	59	3
114	37	16
115	18	13
313	3	11
141	44	20
177	39	4
355	24	12
120	48	11
30	53	12
39	15	11
331	49	7
407	53	7
179	-3	17
261	4	3
182	43	8
191	41	13
19	-10	16
221	-8	13
269	30	8
131	20	14
312	36	2
16	-7	18
319	9	18
210	18	3
43	33	6
349	22	3
371	35	1
300	48	12
57	52	10
7	4	13
54	15	2
366	17	20
323	42	9
200	41	15
289	17	11
256	41	3
66	-7	11
154	33	18
240	26	16
92	24	13
387	17	15
98	-7	11
48	3	9
206	-8	14
112	39	7
249	-14	20
60	43	15
367	6	12
209	21	16
45	60	4
31	29	19
309	29	15
11	34	6
223	51	13
272	25	17
188	33	13
6	-4	5
408	10	4
337	-12	13
94	24	13
315	50	6
13	-9	14
38	30	13
232	-8	17
321	30	16
160	19	3
146	29	2
414	14	5
201	-15	18
295	15	13
203	-3	10
329	42	12
103	5	20
290	-10	16
419	30	9
145	37	11
95	-6	18
156	33	17
12	9	3
169	43	19
324	32	10
260	42	1
283	13	12
326	27	15
69	3	20
138	52	4
285	38	16
306	50	5
158	55	7
406	59	2
266	22	2
37	3	4
130	-1	2
32	-2	19
91	19	4
118	23	8
148	39	11
382	10	10
72	45	2
343	35	2
354	6	12
97	35	12
132	13	6
278	10	15
163	59	5
196	32	10
409	10	17
24	2	2
347	37	17
340	36	1
418	49	12
78	39	2
2	24	13
64	13	3
162	55	4
73	8	15
292	42	6
255	7	5
318	36	18
333	38	14
246	-9	12
166	6	18
399	15	17
225	50	6
150	18	15
279	52	11
80	21	20
412	11	20
198	-1	17
372	3	13
46	19	5
411	48	7
88	40	2
67	-10	19
117	27	18
84	0	14
121	12	2
388	50	11
381	-4	19
426	37	15
342	10	16
82	27	2
9	26	9
239	-3	17
234	17	8
53	38	14
212	12	4
26	29	1
365	45	1
370	26	10
81	16	6
79	2	12
86	0	16
374	21	10
193	14	15
111	36	1
70	17	7
358	55	9
383	25	13
363	-9	14
187	-13	19
241	43	5
275	42	13
352	4	1
116	26	3
119	50	1
356	-7	13
27	-12	18
304	42	10
28	56	7
276	44	19
258	1	17
293	40	5
287	54	1
99	30	11
346	30	13
75	27	4
41	-9	16
288	48	5
181	-1	17
390	46	13
336	44	7
135	39	10
247	20	17
280	43	11
143	16	18
215	55	9
139	31	4
1	44	11
202	-9	19
4	50	7
3	31	18
142	49	10
157	50	6
389	35	18
393	-2	13
40	35	17
65	38	9
307	22	4
153	20	1
100	56	2
87	28	7
58	3	16
310	27	1
380	29	12
226	26	2
320	32	3
205	0	18
386	46	8
368	32	4
362	9	12
106	17	3
63	-6	8
36	16	19
175	1	8
270	54	11
335	43	8
265	-7	15
244	2	20
268	10	5
21	30	6
83	6	15
394	20	19
242	46	6
183	40	20
397	12	3
89	22	2
61	0	5
59	21	4
328	-4	20
125	11	11
68	16	9
174	30	20
190	-5	8
14	30	7
415	40	11
171	28	10
369	6	18
133	48	2
8	23	2
350	5	16
252	-15	18
291	-14	17
51	18	16
25	23	10
267	42	14
238	-6	8
17	16	20
227	-3	4
259	45	9
50	52	11
357	58	1
185	34	5
10	25	2
164	42	5
334	13	4
195	15	11
192	24	18
422	3	7
110	12	4
172	42	9
297	34	2
237	32	13
197	20	13
360	-4	8
348	-15	16
231	45	3
282	54	6
345	36	19
373	18	18
74	27	15
243	48	6
364	-2	3
5	34	5
235	30	3
109	28	5
351	45	15
127	5	4
392	33	18
18	-13	15
